burt <-
structure(list(F = c(22L, 0L, 0L, 14L, 6L, 2L, 14L, 8L, 13L, 
9L), R = c(0L, 15L, 0L, 8L, 5L, 2L, 11L, 4L, 10L, 5L), D = c(0L, 
0L, 63L, 11L, 25L, 27L, 44L, 19L, 20L, 43L), L = c(14L, 8L, 11L, 
33L, 0L, 0L, 27L, 6L, 29L, 4L), M = c(6L, 5L, 25L, 0L, 36L, 0L, 
20L, 16L, 10L, 26L), B = c(2L, 2L, 27L, 0L, 0L, 31L, 22L, 9L, 
4L, 27L), N = c(14L, 11L, 44L, 27L, 20L, 22L, 69L, 0L, 30L, 39L
), W = c(8L, 4L, 19L, 6L, 16L, 9L, 0L, 31L, 13L, 18L), T = c(13L, 
10L, 20L, 29L, 10L, 4L, 30L, 13L, 43L, 0L), S = c(9L, 5L, 43L, 
4L, 26L, 27L, 39L, 18L, 0L, 57L)), class = "data.frame", row.names = c("F", 
"R", "D", "L", "M", "B", "N", "W", "T", "S"))
